sync: n 1000 answered 1000 (interval 20 ms), hardware stamps on 1000
syncs: 0,-349258585,1546,0,830160 23993,-349259066,1702,-395380,1042380 47993,-349259094,1717,-404040,1062120 71494,-349258588,1301,37700,631660 94994,-349258724,1540,-108580,857380 118993,-349259128,1714,-447540,1083620 142993,-349258955,1555,-229000,876560 166993,-349258857,1575,-246580,886380
syncs: 191994,-349258723,1546,-129240,845120 215994,-349258821,1560,-163300,871460 240502,-349258752,1313,-38380,701180 263993,-349258801,1554,-197340,833420 287994,-349258810,1592,-175800,908760 311993,-349259074,1701,-397580,1037380 335993,-349259093,1705,-413240,1054920 359991,-349258806,1557,-9
syncs: 383581,-349259039,1869,-461680,1094680 407993,-349259133,1725,-435840,1080720 431993,-349259099,1697,-391500,1057460 455993,-349259139,1709,-420480,1078680 479991,-349258830,1571,-193040,883520 503993,-349258819,1568,-165100,893860 527994,-349258678,1584,-3780,934980 551570,-349258678,1326,3
syncs: 574991,-349259135,1851,-512300,1163460 598994,-349258818,1559,-172880,899680 622993,-349258981,1542,-206440,878520 646993,-349259236,1840,-545200,1209560 670509,-349259193,1949,-576280,1246480 694994,-349258766,1545,-112640,875720 718993,-349259115,1731,-435400,1086160 742993,-349258927,1552
syncs: 766993,-349258965,1576,-281440,935520 790527,-349259327,2061,-693100,1383060 814993,-349259014,1687,-331680,1047080 838544,-349258710,1312,-19740,676820 861494,-349258716,1317,-28300,681260 884525,-349258650,1289,48340,644300 907994,-349259207,1840,-478940,1204820 931993,-349259142,1698,-411
syncs: 955993,-349259115,1705,-406760,1060600 979991,-349258805,1560,-171640,848520 1003994,-349258772,1551,-154600,830360 1027993,-349259147,1827,-498660,1148500 1051994,-349258841,1622,-177240,952720 1075994,-349258745,1570,-129600,858960 1099994,-349258720,1553,-86180,855780 1123993,-349258766,1
syncs: 1147993,-349259092,1717,-389000,1038560 1171493,-349258672,1310,16240,674400 1194994,-349258800,1567,-186640,868920 1218994,-349259034,1709,-345400,1077560 1242993,-349258914,1539,-183760,842000 1266993,-349259260,1839,-558540,1208620 1290526,-349259154,1907,-522900,1229060 1314994,-34925882
syncs: 1338523,-349258700,1306,-5940,670820 1361993,-349259073,1714,-385500,1054260 1385993,-349258726,1547,-98560,836400 1409994,-349258795,1549,-103640,909520 1433993,-349259115,1715,-400100,1064860 1457993,-349259203,1834,-498460,1174700 1481993,-349259079,1711,-378540,1056620 1505595,-349259163
syncs: 1529991,-349259043,1680,-332560,1026000 1553993,-349259067,1711,-377740,1051820 1577993,-349259070,1715,-370700,1056260 1601993,-349258742,1553,-116060,851500 1625994,-349258816,1551,-141640,906720 1649993,-349259100,1707,-375300,1056860 1673993,-349259131,1691,-391680,1065480 1697993,-34925
syncs: 1721994,-349258861,1551,-157500,891260 1745993,-349259158,1705,-410580,1089580 1769991,-349259045,1695,-319740,1050220 1793993,-349258741,1544,-83900,833460 1817545,-349258651,1328,51020,677980 1840511,-349258662,1296,42860,656020 1863993,-349259100,1705,-388600,1040960 1887993,-349259007,17
syncs: 1911993,-349259152,1851,-483440,1158720 1935993,-349259102,1681,-359000,1055360 1959991,-349259042,1696,-340960,1031600 1983993,-349258782,1552,-92840,869320 2007993,-349259033,1723,-357400,1030160 2031994,-349258849,1558,-138180,907780 2055993,-349259169,1705,-412540,1079420 2079993,-349258
syncs: 2103994,-349258706,1558,-64580,846580 2127994,-349258809,1591,-139740,913620 2151993,-349259061,1706,-356900,1037660 2175993,-349259124,1707,-374680,1076480 2199991,-349258845,1543,-120040,883320 2223994,-349259141,1833,-411600,1183360 2247993,-349259078,1715,-319480,1065280 2271993,-3492591
syncs: 2295993,-349258845,1561,-137300,906060 2319993,-349259023,1718,-336780,1040180 2343993,-349259116,1818,-400640,1172720 2367993,-349259199,1836,-479620,1176740 2391993,-349259039,1676,-284280,1040880 2415993,-349258811,1556,-153140,844020 2439994,-349258848,1557,-129220,907340 2463993,-349259
syncs: 2487993,-349258864,1584,-161540,915220 2511993,-349258821,1559,-149520,847440 2535994,-349259056,1697,-286780,1081580 2559991,-349259142,1710,-385940,1079620 2583993,-349259012,1593,-172520,866040 2607994,-349258803,1600,-146680,898680 2631994,-349259110,1683,-328460,1081900 2655994,-3492592
syncs: 2679991,-349259007,1693,-283280,1043480 2703994,-349258736,1561,-75960,853800 2727993,-349258646,1589,32880,891840 2751994,-349258777,1555,-96080,868080 2775993,-349259028,1710,-328660,1026300 2799993,-349258784,1556,-76720,881840 2823993,-349258784,1544,-126880,818680 2847994,-349259150,183
syncs: 2871993,-349259085,1706,-346320,1051040 2895993,-349259029,1688,-278600,1033160 2919993,-349258642,1548,-18560,784200 2943994,-349259047,1714,-293020,1069140 2967993,-349259119,1730,-373000,1075160 2991495,-349258620,1306,67640,632400 3014993,-349259136,1708,-397320,1082840 3038993,-34925910
syncs: 3062993,-349258869,1556,-101860,867500 3086993,-349258833,1584,-124120,920440 3110505,-349258720,1315,15900,675060 3133993,-349259105,1699,-349460,1045100 3157994,-349259206,1838,-428420,1201740 3181993,-349259146,1702,-368000,1076960 3205993,-349258860,1553,-120960,889000 3229993,-349258813
syncs: 3253994,-349259033,1721,-281000,1070960 3277993,-349259113,1725,-365060,1080700 3301993,-349258734,1553,-47120,870240 3325993,-349259116,1705,-360100,1069860 3349993,-349258786,1609,-98860,906100 3373993,-349259072,1710,-327540,1050220 3397993,-349259022,1719,-282500,1055060 3421494,-3492587
syncs: 3444993,-349259022,1711,-321740,1032020 3468994,-349259034,1720,-291600,1079560 3492993,-349258805,1554,-57860,867500 3516993,-349259269,1839,-512740,1218620 3540508,-349259177,1922,-497300,1219660 3564994,-349258837,1544,-109360,894400 3588993,-349258835,1555,-127540,896220 3612993,-3492589
syncs: 3636993,-349258728,1577,-92960,797800 3660587,-349258667,1257,121360,636120 3683811,-349259073,1934,-435500,1164460 3707993,-349258803,1581,-100260,879100 3731560,-349259138,1913,-433640,1215320 3755993,-349258993,1699,-280800,1005760 3779993,-349258856,1553,-113680,898080 3803993,-349258827
syncs: 3827993,-349259248,1836,-484700,1196060 3851993,-349258793,1541,-82680,853480 3875994,-349259186,1872,-407440,1236720 3899991,-349259007,1678,-217800,1042360 3923993,-349259146,1699,-349780,1068580 3947993,-349258833,1569,-117040,837720 3971994,-349259034,1698,-264020,1052740 3995993,-349258
syncs: 4019993,-349259142,1708,-351240,1077520 4043994,-349258658,1547,-2320,796640 4067993,-349258789,1598,-70580,915780 4091993,-349258789,1540,-68240,857720 4115991,-349258820,1548,-115220,850940 4139991,-349259180,1711,-371780,1099780 4163993,-349259131,1827,-411540,1139420 4187534,-349259236,1
syncs: 4211993,-349259163,1693,-349680,1081280 4235993,-349259170,1693,-362160,1076400 4259991,-349258852,1557,-131720,869040 4283994,-349259184,1845,-396780,1190580 4307993,-349258852,1575,-90760,916200 4331495,-349258744,1309,46180,693540 4354993,-349259020,1709,-309680,1025280 4378994,-349259133
syncs: 4402993,-349258854,1653,-1920,807640 4426993,-349259240,1840,-473980,1204780 4450507,-349258669,1293,100140,648100 4473993,-349258514,1560,195280,867240 4497994,-349258791,1576,-50180,902380 4522993,-349258809,1555,-51860,799700 4546994,-349259089,1859,-349820,1184940 4570506,-349258606,1307
syncs: 4593994,-349258786,1553,-29760,879800 4617993,-349258775,1584,-34020,896540 4641993,-349259237,1715,-397300,1117660 4665993,-349259022,1715,-295260,1027100 4689994,-349259097,1714,-301820,1088940 4713993,-349259137,1691,-318100,1060060 4737993,-349259264,1831,-451360,1195200 4761495,-3492593
syncs: 4785997,-349258597,1581,119400,873760 4809993,-349259032,1675,-237160,1025000 4833993,-349259125,1707,-326240,1067520 4857993,-349259133,1835,-341900,1190660 4881993,-349258984,1682,-249060,994100 4905994,-349259133,1705,-323840,1078920 4929993,-349259009,1687,-222300,1028260 4953993,-349259
syncs: 4977993,-349258785,1582,-80940,871020 5001994,-349258761,1551,-19200,877360 5025993,-349259181,1710,-361980,1098180 5049991,-349259110,1702,-307040,1066320 5073993,-349258795,1548,-82620,822540 5097994,-349258830,1597,-87680,914880 5121993,-349259098,1709,-311340,1054620 5145993,-349259157,1
syncs: 5169991,-349258955,1552,-148180,916380 5193994,-349258769,1552,-26360,869800 5217993,-349259137,1819,-351820,1169340 5241993,-349259086,1689,-287780,1039980 5265993,-349259093,1700,-302060,1046100 5289991,-349259275,2031,-533120,1367440 5313993,-349259065,1706,-284680,1051680 5337993,-349259
syncs: 5361495,-349258643,1291,127780,641340 5384993,-349258900,1587,-101800,846760 5408993,-349259044,1720,-237060,1098700 5432993,-349258906,1555,-75920,891440 5456993,-349259185,1848,-433900,1174460 5480502,-349259200,1943,-482260,1244900 5504994,-349258806,1539,-36020,884540 5528993,-349259149,
syncs: 5552993,-349258936,1553,-93760,869800 5576993,-349259255,1848,-454540,1222820 5600609,-349259130,1899,-397200,1205760 5624993,-349258999,1679,-214560,1043800 5648993,-349259197,1706,-350540,1114420 5672993,-349258921,1555,-96500,862260 5696994,-349259164,1845,-411980,1176180 5720508,-3492586
syncs: 5743993,-349259090,1704,-294000,1045360 5767993,-349259107,1728,-310280,1073080 5791993,-349258771,1557,-33240,865120 5815994,-349259028,1683,-195400,1066560 5839991,-349259084,1713,-272780,1062380 5863993,-349259074,1704,-269640,1049520 5887993,-349258717,1576,7380,851140 5911993,-349258656
syncs: 5935993,-349259173,1697,-329540,1076620 5959991,-349259124,1710,-299420,1069540 5983993,-349259161,1690,-313080,1063880 6007993,-349258844,1577,-98360,879800 6031993,-349258858,1554,-58220,899140 6055994,-349259104,2414,-596200,1447560 6080544,-349259342,2090,-590060,1402100 6104993,-3492589
syncs: 6128994,-349259014,1711,-224600,1069960 6152993,-349259012,1557,-112560,884000 6176993,-349259249,1840,-437240,1210120 6200514,-349259171,1923,-436700,1229660 6224994,-349259011,1692,-200160,1071800 6248993,-349259095,1711,-292940,1071020 6272993,-349258968,1554,-86000,865960 6296993,-349258
syncs: 6320548,-349258633,1281,170560,635720 6343993,-349259098,1704,-277300,1045260 6367993,-349259234,1829,-400580,1179980 6391993,-349258715,1549,15360,842320 6416993,-349259082,1888,-346820,1195140 6440506,-349258602,1303,170620,628980 6463993,-349259027,1711,-212440,1056120 6487615,-349259225,
syncs: 6511494,-349258599,1308,160420,609980 6534994,-349258798,1540,-31360,861600 6558993,-349258618,1566,69880,782440 6582993,-349258989,1567,-97380,884380 6606993,-349258809,1574,-78360,866800 6630528,-349259156,1927,-406020,1229340 6654993,-349258867,1545,-89400,862360 6678993,-349259017,1683,-
syncs: 6702993,-349258843,1549,-3020,856140 6726998,-349258542,1596,205900,903260 6750505,-349258657,1302,150140,656700 6773993,-349259100,1721,-293020,1066540 6797993,-349259001,1712,-205000,1037960 6821993,-349259015,1699,-238960,1006200 6845994,-349259035,1689,-199240,1044120 6869991,-349259120,
syncs: 6893993,-349258870,1554,-36480,895280 6917993,-349259106,1828,-341140,1115420 6941994,-349258855,1545,-33400,894960 6965993,-349259161,1711,-306880,1084880 6989991,-349258837,1569,-27540,895820 7013993,-349258959,1550,57880,733440 7037993,-349259048,1842,-256180,1164580 7061993,-349258876,15
syncs: 7085993,-349259150,1721,-302820,1090140 7109991,-349258858,1547,-43780,882980 7133993,-349259142,1836,-362160,1143600 7157993,-349259082,1722,-231020,1081540 7181495,-349258722,1305,109420,674580 7204993,-349259036,1707,-239360,1037600 7228993,-349259019,1721,-242520,1033040 7252994,-3492588
syncs: 7276993,-349259259,1838,-423360,1208000 7300510,-349258671,1300,155480,660040 7323993,-349258713,1552,9100,778060 7347994,-349259171,1843,-308760,1173600 7371993,-349259099,1701,-250420,1050940 7395993,-349259071,1693,-227100,1029460 7419991,-349259155,1696,-274360,1071000 7443998,-349258650
syncs: 7467993,-349259182,1831,-325300,1190460 7491993,-349259018,1683,-204360,1004200 7515993,-349259130,1704,-267540,1059220 7539994,-349258872,1669,31900,847060 7563993,-349258744,1544,29520,842680 7587522,-349258747,1391,69960,737120 7610508,-349259347,2074,-571500,1367260 7634993,-349258735,15
syncs: 7658538,-349258641,1318,191760,664120 7681993,-349258851,1555,-59900,857860 7705993,-349259036,1680,-206180,1015580 7729991,-349259137,1711,-267240,1080120 7753993,-349258781,1597,14180,904140 7777993,-349259226,1834,-374680,1179680 7801993,-349259042,1689,-209440,1015920 7825993,-349259135,
syncs: 7849993,-349258904,1684,-123480,981680 7873993,-349258853,1564,-63860,865900 7897993,-349259107,1833,-292520,1163640 7921517,-349258620,1282,198120,613280 7944993,-349259029,1713,-230060,1029300 7968993,-349259181,1839,-340220,1198940 7992994,-349258819,1551,30100,848660 8016993,-349259276,1
syncs: 8040505,-349259145,1954,-394020,1217940 8064994,-349259002,1691,-157500,1041460 8088993,-349258859,1556,-58360,868000 8112993,-349258940,1549,-38840,859920 8136993,-349259279,1845,-420500,1214660 8160506,-349259024,1951,-153660,1330700 8184993,-349259061,1711,-225440,1061320 8208993,-3492588
syncs: 8232993,-349258787,1558,-11580,812380 8256993,-349259166,1846,-365340,1168020 8280503,-349258675,1293,186500,666460 8303994,-349258854,1560,-53380,867180 8327993,-349259123,1729,-271740,1088420 8351993,-349258748,1547,34800,841360 8375994,-349259078,1699,-187280,1083480 8399991,-349258844,15
syncs: 8423993,-349259131,1704,-250020,1064540 8447993,-349258722,1574,45120,790480 8471993,-349259037,1701,-156240,1060920 8495993,-349258831,1551,9880,887040 8519993,-349259165,1716,-264080,1086080 8543993,-349259105,1694,-229560,1053400 8567993,-349259145,1835,-326120,1151840 8591538,-349259204,
syncs: 8615993,-349259087,1696,-226460,1036700 8639991,-349259093,1707,-223620,1056940 8663993,-349259065,1707,-209780,1023780 8687994,-349259229,1847,-329160,1220800 8711993,-349258852,1540,3580,871740 8735993,-349259147,1713,-253400,1072960 8759991,-349258817,1557,-11560,844600 8783994,-349259034
syncs: 8807993,-349258844,1563,3100,888860 8831993,-349258778,1553,38040,865400 8855993,-349259090,1703,-215340,1053420 8879993,-349258820,1604,9900,916460 8903993,-349258827,1560,12940,876900 8927993,-349259146,1727,-257640,1081720 8951495,-349258693,1309,165400,659360 8974993,-349259022,1710,-207
syncs: 8998994,-349258845,1560,2060,904620 9022993,-349258953,1557,-46300,869460 9046993,-349258811,1595,9620,911380 9070507,-349258594,1312,208460,614420 9093994,-349258796,1553,39800,875560 9117993,-349259221,1815,-337980,1169780 9141993,-349259087,1695,-212140,1045420 9165993,-349258565,1551,167
syncs: 9189559,-349259124,1932,-246680,1248880 9213993,-349259120,1675,-205640,1044120 9237993,-349259252,1838,-357620,1188340 9261993,-349259165,1822,-277480,1167680 9285993,-349258474,1556,355340,872300 9309994,-349258829,1557,13480,879040 9333993,-349259102,1710,-228000,1056160 9357993,-34925920
syncs: 9381993,-349258810,1546,1880,829640 9405994,-349258854,1560,22200,906160 9429993,-349259134,1724,-234760,1079200 9453993,-349259120,1695,-214440,1060720 9477993,-349258842,1575,-19700,867860 9501994,-349258776,1552,76820,877380 9525993,-349259180,1718,-265340,1107220 9549991,-349258830,1560,
syncs: 9573993,-349258722,1552,53620,791980 9597994,-349258787,1579,50060,892420 9621993,-349259099,1708,-219220,1058940 9645993,-349259104,1702,-215080,1056680 9669991,-349259112,1688,-187560,1081000 9693993,-349259003,1704,-161620,1016540 9717993,-349259142,1824,-258980,1173380 9741993,-349259089
syncs: 9765993,-349259105,1701,-220220,1061540 9789991,-349258841,1560,2500,861860 9813994,-349258865,1559,31240,918400 9837993,-349259200,1823,-312140,1168620 9861993,-349259077,1702,-194000,1042760 9885993,-349259027,1721,-177180,1037380 9909994,-349258865,1556,66660,925620 9933993,-349259153,170
syncs: 9957993,-349259158,1720,-231880,1084880 9981993,-349259116,1703,-204240,1058720 10005994,-349258752,1541,72880,840040 10030502,-349258696,1305,193420,664580 10053993,-349259065,1686,-176760,1026800 10077993,-349259107,1721,-209820,1071340 10101993,-349258782,1560,48900,852860 10126993,-34925
syncs: 10150506,-349258736,1303,175560,677320 10173993,-349259153,1714,-229500,1069260 10197993,-349258816,1591,19720,889080 10221994,-349259039,1701,-117140,1074820 10245993,-349259122,1701,-206120,1070640 10269991,-349259127,1701,-206980,1075380 10293494,-349259105,1934,-301040,1188320 10317994,-
syncs: 10341993,-349259125,1677,-189000,1051360 10365993,-349259117,1695,-195160,1049800 10389991,-349259213,1831,-299340,1167020 10413495,-349258647,1296,253100,651660 10436993,-349259269,1844,-347260,1227900 10460508,-349258675,1297,216060,652220 10483993,-349259118,1719,-212700,1069860 10507993,
syncs: 10531994,-349258839,1542,54460,891420 10555993,-349259117,1709,-197520,1059840 10579991,-349259120,1702,-191080,1066880 10603993,-349258719,1547,111740,830700 10627994,-349259146,1841,-242220,1185540 10651993,-349259094,1696,-182400,1051760 10675993,-349259195,1709,-232260,1103100 10699991,-
syncs: 10723993,-349258775,1561,97500,882660 10747993,-349259120,1732,-200680,1077080 10771993,-349259128,1711,-207040,1066120 10795993,-349258826,1553,81780,894340 10819993,-349259249,1938,-373280,1255280 10843993,-349259158,1831,-248960,1180800 10867993,-349259223,1831,-309620,1176140 10891993,-3
syncs: 10915511,-349258752,1300,192940,679300 10938994,-349259092,1708,-152540,1082420 10962993,-349258997,1557,-3400,868960 10986993,-349259271,1848,-345480,1212880 11010994,-349258816,1557,19940,855100 11034994,-349259026,1703,-109220,1072540 11058993,-349259107,1711,-200900,1071060 11082993,-349
syncs: 11106993,-349259162,1838,-252940,1193620 11130506,-349259191,1947,-338300,1259060 11154991,-349259008,1702,-110780,1047580 11178509,-349258759,1307,181560,691920 11201993,-349259020,1697,-107320,1037840 11225993,-349259225,1911,-343880,1228280 11249994,-349258834,1550,76440,895200 11273993,-
syncs: 11297993,-349258853,1581,35000,902560 11321993,-349258834,1549,31020,831580 11345994,-349259062,1714,-124140,1064420 11369993,-349258785,1563,96480,875440 11393530,-349258630,1288,285220,633180 11416993,-349259099,1574,-115060,986300 11440527,-349258666,1331,240180,686140 11463993,-349259088
syncs: 11487993,-349258845,1582,55540,899300 11511993,-349258835,1548,63160,883920 11535993,-349259286,1945,-394520,1257040 11559993,-349258870,1554,46420,894780 11583993,-349259092,1693,-162160,1038000 11607993,-349258846,1580,48080,896840 11631993,-349258837,1559,32100,847460 11655994,-349259057,
syncs: 11679991,-349259127,1704,-168640,1073120 11703993,-349258823,1541,89280,863040 11727993,-349258838,1574,29720,857280 11751994,-349259018,1687,-81760,1036400 11775993,-349259128,1707,-181420,1062140 11799991,-349258803,1545,127800,881560 11823993,-349259124,1688,-163960,1057600 11847593,-3492
syncs: 11871494,-349258652,1302,273980,651940 11894993,-349258859,1551,52220,896580 11918993,-349259194,1711,-220560,1104000 11942993,-349258859,1555,191080,703840 11966994,-349258811,1589,81700,910060 11990506,-349258758,1342,179540,706900 12013993,-349259144,1715,-187240,1069720 12037993,-3492588
syncs: 12061994,-349259038,1696,-93580,1045980 12085993,-349259115,1688,-160360,1057600 12109993,-349259027,1694,-77520,1043840 12133993,-349258976,1544,140900,769660 12157993,-349258833,1592,74240,914600 12181993,-349259188,1699,-193540,1088220 12205498,-349258688,1296,255500,665660 12228993,-3492
syncs: 12252993,-349258862,1557,76140,825700 12277993,-349259208,1827,-246520,1196640 12301993,-349258872,1557,39800,864160 12325993,-349259167,1715,-193280,1079880 12349993,-349258822,1567,75760,869920 12373994,-349258839,1559,100080,904040 12397993,-349258850,1573,64320,894680 12421993,-349259190
syncs: 12445993,-349258854,1556,46380,867940 12469994,-349258840,1539,102000,899560 12493525,-349259167,1907,-279380,1204580 12517993,-349259225,1839,-250740,1199420 12541993,-349259087,1708,-117520,1068040 12565993,-349258786,1599,122520,897080 12589993,-349259345,1960,-389860,1315300 12614991,-34
syncs: 12638993,-349259099,1699,-148500,1053660 12662993,-349258851,1552,95720,820880 12686993,-349259290,1845,-310960,1229000 12710512,-349258633,1301,288280,632640 12733994,-349259362,2099,-474800,1387560 12757993,-349259135,1840,-236260,1161100 12781994,-349258782,1612,115960,905720 12805994,-34
syncs: 12830499,-349258743,1318,222120,691880 12853993,-349258795,1553,85540,827500 12877994,-349259146,1830,-184420,1184740 12901993,-349258788,1557,138000,874760 12925993,-349259210,1703,-192960,1092400 12949991,-349259085,1712,-121140,1052820 12973994,-349258711,1552,171180,845740 12997993,-3492
syncs: 13021993,-349259099,1716,-146460,1062100 13045993,-349259110,1706,-148420,1056340 13069991,-349258755,1553,127800,841560 13093994,-349258745,1553,170420,874580 13117993,-349259206,1819,-240940,1164020 13141993,-349259043,1703,-81020,1053940 13165993,-349258849,1545,75120,851680 13189994,-349
syncs: 13213993,-349258826,1553,127860,889020 13237993,-349259283,1829,-280600,1203360 13261993,-349258711,1552,180220,840380 13285538,-349259217,1908,-272540,1250820 13309991,-349258860,1568,79180,889540 13333993,-349259134,1713,-161600,1062960 13357993,-349259055,1730,-95460,1065500 13381993,-349
syncs: 13405994,-349258823,1554,130200,890560 13429993,-349259212,1695,-170580,1098180 13453993,-349259154,1707,-151860,1071700 13477993,-349258842,1584,64080,867240 13501994,-349258781,1554,157400,880360 13525993,-349259194,1710,-183060,1098900 13549991,-349259072,1693,-76140,1053020 13573993,-349
syncs: 13597994,-349258830,1593,119520,925280 13621993,-349259100,1698,-121160,1043600 13645993,-349259123,1699,-134120,1058440 13669993,-349258486,1560,307500,714660 13694011,-349258867,2189,20620,1452980 13718993,-349259180,1711,-179540,1095420 13742993,-349258967,1561,49480,877840 13766993,-3492
syncs: 13790526,-349258638,1366,278340,687700 13813994,-349258855,1556,98660,882420 13837993,-349259098,1725,-106300,1080660 13861993,-349259082,1704,-106580,1044380 13885993,-349258820,1561,100360,848520 13909994,-349258768,1540,189480,865840 13933993,-349259189,1709,-164980,1098380 13957993,-3492
syncs: 13981993,-349258812,1550,104060,832620 14005994,-349258831,1538,145600,878360 14029993,-349259148,1698,-131980,1072380 14053993,-349259118,1691,-108640,1050920 14077993,-349259144,1706,-126720,1080440 14101994,-349258835,1604,91400,911160 14125993,-349259155,1700,-136260,1084100 14149991,-34
syncs: 14173993,-349259073,1687,-81900,1033060 14197993,-349258804,1583,115020,876380 14222993,-349258929,1554,121440,879400 14246993,-349259269,1849,-282520,1218040 14270508,-349258760,1307,256100,686260 14293993,-349258871,1552,129240,801600 14317994,-349259018,1727,-35240,1072520 14341993,-34925
syncs: 14365993,-349259108,1703,-111680,1057680 14389991,-349258829,1568,99240,850600 14413495,-349258605,1299,356180,630740 14436993,-349259298,1841,-286200,1220160 14460506,-349258673,1306,301240,651200 14483993,-349259097,1702,-109240,1048120 14507993,-349258822,1594,112100,895860 14531993,-3492
syncs: 14555993,-349259171,1712,-151460,1085900 14579991,-349259123,1713,-115420,1082540 14603993,-349258792,1559,138600,857160 14627994,-349259156,1837,-157060,1191700 14651993,-349259088,1698,-92940,1053620 14675993,-349259089,1700,-93220,1046140 14699991,-349258710,1554,214620,847780 14723994,-3
syncs: 14747993,-349259238,1826,-228020,1176940 14771993,-349259112,1709,-99000,1059360 14795522,-349259123,1787,-64760,1037200 14819993,-349258751,1560,206360,882120 14843993,-349259169,1831,-167820,1171740 14867993,-349259216,1831,-218880,1167080 14891993,-349259193,1830,-178460,1185700 14915505,
syncs: 14939994,-349259099,1707,-38400,1086760 14963993,-349259104,1698,-93560,1048400 14987993,-349259217,1825,-209040,1165720 15011499,-349259144,1911,-221720,1213440 15035994,-349258862,1541,154420,891380 15059993,-349259114,1706,-98860,1061100 15083993,-349259078,1700,-77220,1041340 15107993,-3
syncs: 15131994,-349259026,1700,-20780,1045180 15155993,-349259137,1701,-115740,1065820 15179991,-349259091,1695,-57320,1068840 15203993,-349259077,1678,-57780,1027980 15227993,-349259089,1889,-124260,1201500 15251494,-349258724,1310,294280,688640 15274993,-349259112,1719,-121800,1069960 15298993,-
syncs: 15322993,-349258872,1558,144460,816620 15346994,-349259232,1844,-213320,1223240 15370506,-349258712,1297,324420,676180 15393995,-349258775,1605,164040,898200 15417994,-349258784,1586,147380,879340 15441994,-349259060,1724,-21300,1088260 15465993,-349259107,1712,-88160,1062000 15489991,-34925
syncs: 15513993,-349258818,1558,140300,846460 15537994,-349258834,1578,184420,918380 15561993,-349259124,1708,-102440,1054120 15585993,-349259131,1689,-94920,1058040 15609991,-349258828,1549,163500,870660 15633993,-349259000,1679,-29860,986700 15657993,-349259126,1831,-111240,1185120 15681993,-3492
syncs: 15705993,-349259065,1681,-16180,1045780 15729991,-349258833,1559,124660,841620 15753994,-349259060,1697,-19420,1061340 15777993,-349258836,1573,141120,874880 15801993,-349258844,1543,163440,873600 15825993,-349259033,1703,-53420,1015540 15849994,-349258856,1558,175100,922260 15873993,-349259
syncs: 15897534,-349258650,1315,342760,651520 15920526,-349258635,1296,374300,650660 15943499,-349258721,1300,331920,685080 15966993,-349258823,1575,143060,882220 15990589,-349259205,1910,-222820,1221940 16014994,-349258969,1668,-4380,993980 16038993,-349258824,1557,146540,883900 16062993,-34925878
syncs: 16086993,-349258818,1595,146300,897460 16110507,-349258609,1305,376640,626600 16133994,-349258741,1549,233760,842720 16157994,-349259131,1837,-108600,1186960 16181993,-349259099,1702,-72480,1048080 16205993,-349259050,1707,2260,1061620 16229991,-349258700,1544,220280,770640 16253993,-3492591
syncs: 16277993,-349259192,1836,-154760,1185800 16301496,-349258635,1297,352080,628240 16324993,-349259165,1710,-112800,1089160 16348993,-349258957,1709,-4960,1002400 16372993,-349258948,1559,128360,860920 16396993,-349259122,1728,-106400,1068760 16420506,-349258672,1300,350020,649980 16443993,-349
syncs: 16467994,-349259144,1836,-102520,1176240 16491993,-349259115,1691,-56080,1046280 16515993,-349258851,1544,179340,879500 16539993,-349258807,1560,158980,834540 16563994,-349259038,1715,6700,1064460 16587993,-349259128,1717,-84960,1072200 16611993,-349258837,1556,179260,877020 16635993,-349259
syncs: 16660000,-349258623,1548,346120,841280 16683993,-349259093,1718,-63040,1057720 16707993,-349259030,1706,11580,1042540 16731993,-349259105,1707,-63780,1052580 16755993,-349258832,1552,150740,849500 16779994,-349258842,1544,193080,894440 16803993,-349258883,1556,131220,872780 16827993,-3492592
syncs: 16851993,-349258747,1539,218580,817940 16875994,-349259215,1884,-153300,1238660 16899991,-349258853,1556,193340,906500 16923993,-349259158,1689,-64940,1058620 16947993,-349258867,1573,153300,842260 16971566,-349258634,1256,415420,615380 16994993,-349259279,1855,-233340,1215020 17018993,-3492
syncs: 17042993,-349258978,1557,130720,883480 17066993,-349258888,1611,83040,913400 17090507,-349258694,1305,339380,664940 17113993,-349258848,1557,171120,878680 17137993,-349258809,1589,198240,901000 17161993,-349258836,1553,154580,840940 17185994,-349259073,1679,19700,1053460 17209993,-349258853,
syncs: 17233993,-349258950,2164,-197340,1188420 17258993,-349258766,1557,208700,849860 17282994,-349258886,1555,202520,885680 17306993,-349258875,1583,142860,909820 17330507,-349258718,1300,334280,659040 17353993,-349259104,1701,-50980,1041780 17377628,-349259357,2055,-345240,1376520 17401493,-3492
syncs: 17424727,-349259100,1827,-100580,1143780 17448993,-349258802,1555,204440,872200 17472993,-349258830,1558,203680,798040 17496994,-349258859,1593,184500,933260 17520506,-349258746,1296,332540,670300 17543993,-349259038,1684,51280,1053640 17567993,-349258852,1570,147500,853660 17591993,-3492588
syncs: 17615993,-349258870,1552,183160,888520 17639993,-349259129,1719,-57700,1073660 17663993,-349258752,1560,207320,800880 17687993,-349258690,1574,388060,929220 17711993,-349258824,1543,243400,883760 17735993,-349259164,1719,-70380,1084180 17759991,-349259076,1692,-5540,1032820 17783993,-3492588
syncs: 17807994,-349259207,1832,-118380,1181980 17831993,-349259139,1713,-54960,1073000 17855993,-349259079,1700,2680,1055640 17879991,-349259039,1720,-13580,1027780 17903994,-349258821,1553,219640,869800 17927993,-349259218,1832,-152420,1177540 17951993,-349259213,1706,-82800,1109760 17975993,-349
syncs: 17999570,-349259115,1874,-62840,1208920 18023993,-349259064,1709,6800,1054160 18047993,-349259081,1710,11120,1051280 18071993,-349259117,1699,-37340,1053620 18095993,-349258825,1637,183300,950060 18119993,-349259074,1706,6320,1061680 18143993,-349259152,1692,-39640,1061520 18167993,-34925917
syncs: 18191993,-349258972,1722,34320,1000880 18215994,-349259063,1702,56240,1075800 18239991,-349259149,1703,-41320,1072640 18263993,-349259163,1709,-51680,1073280 18287993,-349258894,1574,142340,881100 18311994,-349258759,1549,243880,847640 18335993,-349259197,1708,-84500,1092460 18359991,-349259
syncs: 18383993,-349258712,1551,239460,781420 18407994,-349259110,1839,-56700,1164860 18431993,-349258811,1551,252740,867900 18455993,-349259235,1727,-103640,1110520 18479991,-349259073,1705,18300,1059660 18503495,-349259133,1930,-135980,1193380 18527991,-349259251,1832,-148740,1182420 18551993,-34
syncs: 18575993,-349259154,1705,-34480,1079480 18599538,-349259099,1903,-73540,1210220 18623994,-349258866,1554,209680,895240 18647993,-349259250,1830,-159080,1180480 18671494,-349258700,1302,379840,671600 18694993,-349259034,1709,-4220,1030540 18718994,-349258842,1554,224020,908780 18742993,-34925
syncs: 18766993,-349259249,1840,-163120,1194640 18790510,-349259095,1934,-118500,1154860 18814994,-349258753,1553,284040,874600 18838528,-349258724,1315,365480,675440 18861993,-349258834,1560,177700,852860 18885993,-349258843,1552,177640,844800 18909993,-349259064,1841,-37440,1138520 18933994,-3492
syncs: 18957993,-349259280,1834,-171180,1198780 18981993,-349259105,1706,11060,1076020 19005994,-349259066,1700,5800,1031760 19029994,-349258863,1548,227420,898380 19053993,-349259121,1707,-25140,1057820 19077993,-349259172,1832,-85520,1177640 19101993,-349258768,1541,259720,834280 19125994,-349259
syncs: 19149991,-349259158,1710,-32220,1074340 19173994,-349258808,1547,220420,830180 19197993,-349258863,1613,244240,866800 19221994,-349258861,1613,171980,911140 19245993,-349259123,1696,-8900,1066060 19269991,-349259126,1716,-19360,1061200 19293993,-349259080,1684,21280,1029640 19317993,-3492590
syncs: 19341993,-349259152,1823,-50660,1182100 19365993,-349259175,1705,-47340,1084220 19389991,-349259078,1700,42700,1065260 19413993,-349258815,1554,217220,832980 19437994,-349259162,1842,-64440,1191920 19461993,-349259152,1711,-26500,1080060 19485993,-349259134,1704,-17780,1073180 19509993,-3492
syncs: 19533994,-349259048,1699,66480,1058440 19557993,-349259116,1699,-3280,1054280 19581993,-349259119,1708,-1160,1063200 19605993,-349258887,1558,213680,898240 19629629,-349259104,1879,-39180,1171380 19653993,-349259051,1720,45340,1060300 19677993,-349259226,1825,-125920,1175840 19701993,-349259
syncs: 19725993,-349258854,1550,196540,847100 19749994,-349258865,1549,241180,899340 19773993,-349259133,1712,-25200,1062960 19797993,-349258969,1612,201640,904800 19821495,-349258599,1317,439260,610220 19844994,-349259086,1701,30500,1070660 19868993,-349259146,1720,-34460,1080500 19892993,-3492589
syncs: 19916993,-349258651,1597,299600,769360 19940525,-349258640,1294,467320,648680 19963993,-349259157,1713,-9140,1073420 19987993,-349259261,1829,-127700,1184260 20011993,-349258898,1557,203320,874280 20035994,-349259091,1871,-37740,1164220 20059991,-349258835,1547,267480,892640 20083994,-349258
syncs: 20107993,-349259185,1845,-90040,1165520 20131993,-349258831,1555,239080,867040 20155994,-349259047,1687,88820,1046980 20179991,-349259170,1700,-10960,1074800 20203993,-349259103,1676,60780,1060540 20227993,-349258872,1578,194820,870780 20251994,-349259065,1722,66140,1067500 20275993,-3492591
syncs: 20299991,-349258778,1549,312000,866760 20323993,-349259188,1714,-24560,1088000 20347993,-349258867,1661,230580,959140 20371993,-349259081,1678,43700,1023060 20395993,-349259111,1707,6840,1052200 20419993,-349258866,1550,252760,872120 20443993,-349259030,1712,50500,1018660 20467994,-349259186
syncs: 20491993,-349259074,1672,60060,1022420 20515993,-349258849,1556,254800,877560 20539993,-349258838,1559,229720,846880 20563994,-349258869,1553,251360,893320 20587993,-349259246,1826,-115220,1176340 20611993,-349258847,1555,254520,885280 20636993,-349258654,1581,346940,821500 20660534,-3492586
syncs: 20683998,-349258677,1550,368620,819380 20707993,-349259172,1716,22440,1114400 20731650,-349259141,1868,-48620,1165540 20755585,-349259183,1917,-107180,1233380 20779993,-349258852,1551,264640,896600 20803993,-349259040,1705,59280,1027040 20827993,-349259205,1823,-80000,1168160 20851993,-34925
syncs: 20875994,-349259054,1720,91660,1075620 20899991,-349259170,1820,-56400,1142160 20923993,-349259162,1712,3140,1082100 20947993,-349258846,1579,244160,842920 20971994,-349259087,1698,68800,1067160 20995993,-349259128,1704,21120,1059680 21019991,-349258822,1552,287460,874020 21043993,-349258839
syncs: 21067679,-349259290,1877,-124580,1246580 21091993,-349259138,1700,28360,1050320 21115993,-349259076,1711,81980,1056140 21139991,-349259161,1680,34320,1059680 21163993,-349258838,1574,256460,875820 21187993,-349259159,1834,-26320,1179640 21211993,-349259179,1710,3120,1094480 21235993,-3492591
syncs: 21259991,-349258862,1556,240080,863240 21283994,-349258896,1541,272720,867880 21307993,-349259044,1716,81440,1052400 21331993,-349259159,1703,14580,1073140 21355993,-349258862,1543,249000,850160 21379994,-349258858,1541,295140,891300 21403993,-349258834,1545,284280,866640 21427993,-349259243
syncs: 21451993,-349258931,1551,377940,757500 21475993,-349258879,1562,262360,903320 21499993,-349259048,1686,116300,1022460 21523993,-349259132,1702,34840,1057800 21547993,-349259182,1710,19260,1074820 21571500,-349258623,1297,476000,613760 21594993,-349259120,1709,25040,1064800 21618993,-34925906
syncs: 21642993,-349258957,1558,232800,860360 21666993,-349259185,1883,-104880,1180680 21690511,-349258661,1302,490260,665820 21713994,-349259212,1704,-6200,1092760 21737993,-349259238,1833,-83980,1182980 21761993,-349258763,1545,373560,784520 21785994,-349259064,1692,130980,1066340 21809991,-34925
syncs: 21833993,-349259138,1705,40160,1055920 21857993,-349259128,1720,61180,1084740 21881764,-349259092,1808,35920,1120080 21905994,-349258833,1546,309940,886300 21929993,-349259095,1712,79180,1071940 21953993,-349259089,1701,67420,1037580 21977993,-349258786,1559,302140,842700 22001994,-349258773
syncs: 22025993,-349259128,1688,42900,1057660 22049991,-349259063,1690,91940,1031300 22073993,-349258813,1556,283980,829540 22097994,-349259190,1877,-36300,1208260 22121993,-349258845,1549,289440,875400 22145993,-349259147,1703,41360,1067720 22169991,-349258837,1565,273800,848760 22193994,-34925867
syncs: 22217993,-349258957,1581,355760,854520 22241993,-349259163,1712,20600,1066760 22265993,-349259119,1699,67740,1049900 22289991,-349259037,1701,94160,1027320 22313994,-349258829,1555,306100,871860 22337993,-349259264,1823,-78980,1182980 22361993,-349259100,1687,73360,1032520 22385993,-34925883
syncs: 22409994,-349258780,1551,366120,886480 22433993,-349259134,1713,28960,1063320 22457993,-349259221,1832,-59520,1172840 22481993,-349258782,1556,318720,844480 22505994,-349258846,1547,319560,882920 22529993,-349259153,1683,56680,1052640 22553993,-349259140,1683,62920,1048280 22577993,-34925883
syncs: 22601994,-349258797,1569,342280,896440 22625993,-349259165,1720,36320,1090080 22649991,-349259118,1706,69140,1051500 22673993,-349259115,1705,69880,1050640 22697993,-349259324,1989,-183900,1296660 22721993,-349259149,1701,72940,1099300 22745993,-349259117,1691,61180,1045740 22769991,-3492591
syncs: 22793993,-349258821,1558,288540,831700 22817994,-349258842,1575,296060,891820 22841993,-349259042,1691,134500,1037060 22865993,-349259125,1691,65240,1050600 22889991,-349258787,1558,320260,847020 22913994,-349258742,1559,361900,852260 22937619,-349259310,2028,-176060,1335100 22961495,-349258
syncs: 22984993,-349259199,1703,20200,1086960 23008617,-349259188,1903,-66060,1224700 23032993,-349258912,1553,303060,865020 23056526,-349259359,2080,-234500,1391460 23080509,-349258704,1300,472720,664680 23103649,-349259226,1871,-64940,1187820 23127994,-349259140,1720,93900,1098660 23151494,-34925
syncs: 23174993,-349259175,1699,43860,1078220 23198993,-349258848,1560,266400,857560 23222994,-349258929,1556,333520,896880 23246993,-349259265,1839,-81340,1199020 23270514,-349258697,1306,486200,661160 23293993,-349259107,1704,78120,1044880 23317994,-349258897,1670,227360,972920 23341993,-34925909
syncs: 23365993,-349259118,1684,74520,1044080 23389991,-349259091,1697,98660,1042620 23413993,-349258765,1547,363780,844540 23438993,-349259071,1711,113520,1075880 23462993,-349258922,1542,298940,843900 23486993,-349259331,1833,-100520,1226040 23510516,-349259215,1915,-83480,1227080 23534994,-34925
syncs: 23558993,-349259160,1717,34580,1086540 23582993,-349258959,1555,279920,862280 23606993,-349258814,1587,302240,889400 23630546,-349258667,1282,523880,646240 23653993,-349259134,1710,59720,1060480 23677993,-349259085,1721,108340,1070900 23701993,-349259067,1703,112880,1029840 23725596,-3492592
syncs: 23749991,-349258882,1562,336440,917200 23773993,-349259163,1721,52580,1076140 23797993,-349259132,1720,98500,1089660 23821993,-349258776,1549,356940,842300 23845994,-349259128,1704,117480,1082640 23869991,-349259110,1695,107700,1049260 23893993,-349259095,1673,143140,1042100 23917993,-349258
sync: done
