zenoh: paused (no periodic traffic, no echoes)
sync: n 1000 answered 998 (interval 20 ms)
syncs: 0,10299828,2651 25295,10298966,1553 47810,10298901,1810 71147,10299346,2140 95297,10298899,1605 118295,10298949,1557 141295,10298845,1556 164296,10299157,1558 187296,10299006,1591 210297,10299069,1562
syncs: 233295,10298905,1555 256297,10298995,1609 279297,10298931,1675 302297,10299045,1559 325295,10298912,1557 348297,10298895,1597 371295,10299117,1558 394297,10299012,1541 417297,10299067,1581 440295,10298937,1558
syncs: 463297,10299140,1557 486297,10299088,1679 509297,10299063,1564 532295,10298912,1541 555297,10298985,1561 578295,10299049,1567 601296,10298966,1686 624295,10298990,1540 647295,10298925,1578 670296,10299005,2313
syncs: 695297,10299016,1559 718297,10299021,1568 741295,10298916,1551 764297,10299158,1560 787295,10298963,1588 809813,10299146,1304 832295,10298967,1571 855295,10298824,1640 878297,10298968,1569 901296,10298993,1542
syncs: 924296,10299052,1553 947295,10298880,1579 970297,10299168,1548 993295,10299002,1556 1016297,10298951,1600 1039295,10298930,1550 1061824,10299144,1304 1084297,10299125,1548 1107296,10298823,1724 1130295,10298939,1545
syncs: 1153295,10298896,1565 1176297,10299118,1577 1199295,10298968,1555 1222297,10299037,1562 1245295,10298922,1555 1268297,10298976,1570 1291297,10299180,1559 1313811,10299237,1306 1336297,10298927,1616 1359295,10298762,2195
syncs: 1383295,10299096,1558 1406295,10298907,1620 1429297,10299039,1562 1452295,10298900,1551 1475173,10299286,2169 1499295,10299093,1552 1522297,10299031,1548 1545295,10298942,1552 1568297,10298845,1578 1591295,10299035,1555
syncs: 1613900,10298984,1923 1638295,10299045,1558 1661295,10298967,1542 1684297,10299061,1555 1707295,10299104,1596 1729799,10299265,1312 1752295,10298889,1551 1775297,10299026,1569 1798295,10299096,1564 1820811,10299171,1291
syncs: 1843297,10299001,1567 1866295,10298743,2222 1890297,10299257,1559 1913295,10298993,1553 1936297,10298989,1590 1959295,10298982,1551 1982297,10299102,1557 2005295,10299108,1558 2028297,10299066,1578 2051297,10298971,1559
syncs: 2073817,10298160,2364 2098295,10299244,1578 2121295,10298537,1870 2145295,10298968,1553 2168295,10298935,1544 2191297,10299053,1554 2214295,10299053,1558 2237297,10298966,1584 2260295,10298920,1556 2283297,10299024,1552
syncs: 2306295,10299044,1609 2329297,10298886,1648 2352297,10299041,1547 2375148,10299614,1645 2398295,10298840,1574 2421295,10299079,1561 2444297,10299067,1553 2467295,10299124,1593 2489813,10299261,1302 2512295,10299111,1557
syncs: 2534924,10298763,1782 2558295,10299013,1566 2581297,10298894,1567 2604295,10298894,1558 2627295,10298807,1720 2649809,10299109,1310 2672295,10298955,1540 2695297,10299039,1569 2718295,10299110,1569 2741297,10299240,1568
syncs: 2764295,10298970,1557 2787297,10298899,1602 2810295,10298887,1552 2832870,10298978,1888 2856297,10298967,1604 2879295,10298843,1578 2902296,10298964,1556 2925295,10299067,1559 2947839,10299242,1309 2970295,10298968,1539
syncs: 2993297,10299051,1553 3016295,10298842,1610 3039297,10298937,1563 3062296,10299038,1565 3085297,10298865,1585 3108295,10298903,1560 3131295,10299110,1544 3154297,10299001,1565 3177295,10298942,1568 3200296,10298997,1562
syncs: 3223295,10299070,1544 3246297,10298918,1604 3269296,10299102,1559 3292297,10299016,1560 3315295,10298943,1544 3337810,10298921,1470 3361297,10299022,1556 3384295,10298926,1549 3407297,10298996,1567 3430295,10299089,1553
syncs: 3453297,10298848,1718 3476295,10298957,1596 3499297,10299029,1556 3522295,10298933,1543 3545297,10299004,1561 3568296,10299013,1562 3591295,10299354,1835 3615296,10299153,1612 3638296,10299108,1568 3661310,10299137,1609
syncs: 3683799,10299214,1310 3706297,10299024,1609 3729295,10298933,1559 3752297,10299113,1541 3775296,10298989,1553 3798297,10298861,1571 3821295,10298891,1554 3844297,10298927,1581 3866831,10299231,1348 3889297,10299153,1556
syncs: 3912296,10299067,1541 3935295,10298874,1554 3958297,10299168,1566 3981296,10298955,1559 4004297,10299141,1552 4027295,10298879,1594 4049874,10299147,1776 4072898,10298892,1765 4096297,10298672,1850 4119817,10298861,1791
syncs: 4143295,10299165,1558 4165824,10298832,1820 4189297,10299191,1537 4212297,10299065,1557 4235295,10298913,1552 4258297,10298962,1572 4280799,10298105,2351 4305297,10299004,1563 4328295,10298935,1560 4351161,10299333,2126
syncs: 4375295,10298751,1680 4398296,10298965,1574 4421296,10299061,1566 4444295,10298958,1553 4467297,10299090,1593 4489813,10299226,1302 4512297,10299066,1539 4535295,10298933,1548 4558297,10299037,1566 4581295,10298930,1561
syncs: 4604295,10299287,1593 4627295,10298899,1592 4649797,10299169,1295 4672297,10299153,1553 4695297,10299033,1555 4718297,10299011,1571 4741295,10298907,1549 4764297,10299178,1568 4787295,10298970,1660 4809836,10299145,1294
syncs: 4832295,10298898,1554 4855297,10299134,2337 4879816,10298865,1798 4903297,10298940,1552 4926296,10299009,1585 4949295,10298978,1555 4972297,10299213,1552 4994843,10299246,1285 5017297,10298912,1593 5040295,10298876,1554
syncs: 5062837,10299200,1295 5085295,10298830,1602 5108297,10299287,2187 5132295,10298985,1542 5155295,10298914,1566 5178297,10299131,1579 5200881,10299233,1281 5223297,10299051,1554 5246295,10298922,1592 5269297,10298986,1568
syncs: 5292297,10299031,1558 5314994,10298852,1718 5337884,10299222,1318 5360295,10298937,1542 5383297,10299206,1557 5406296,10298918,1603 5429297,10298985,1563 5452295,10298949,1558 5475297,10299252,1554 5498297,10299035,1574
syncs: 5521297,10298949,1549 5544295,10298941,1558 5567137,10299564,1690 5590295,10299101,1549 5613297,10298983,1557 5636297,10298983,1590 5659295,10298875,1552 5682297,10299176,1558 5705297,10299030,1574 5728297,10298989,1561
syncs: 5751295,10298929,1540 5774297,10298972,1560 5797295,10299067,1571 5819837,10298990,1444 5842297,10299026,1557 5865295,10298912,1553 5888162,10299614,2136 5912295,10299101,1332 5935297,10299073,1558 5958295,10298903,1576
syncs: 5981297,10299005,1565 6004295,10299051,1557 6027297,10298936,1587 6050296,10298919,1554 6073295,10298916,1581 6096297,10299032,1603 6119064,10298829,1688 6142297,10299020,1564 6165295,10298878,1539 6188297,10299055,1575
syncs: 6210803,10298859,1790 6234297,10299067,1568 6257295,10298906,1576 6279813,10299132,1306 6302297,10299137,1563 6324808,10299158,1925 6348297,10299011,1580 6371295,10298930,1552 6394296,10299060,1553 6417295,10298864,1583
syncs: 6440297,10299044,1554 6463295,10298858,1559 6486297,10298912,1610 6509297,10299168,1550 6531822,10299179,1296 6554295,10298951,1560 6577295,10298754,2218 6601295,10299352,1547 6624295,10299093,1540 6647297,10299028,1572
syncs: 6670295,10298911,1552 6692811,10299213,1304 6715295,10299154,1551 6738297,10299054,1578 6761295,10298904,1547 6783900,10298837,1762 6807295,10299136,1575 6830295,10298957,1557 6853297,10299088,1555 6876295,10298837,1587
syncs: 6899297,10299081,1565 6922295,10298987,1560 6945297,10298979,1558 6968295,10298882,1556 6991297,10298982,1556 7014295,10299047,1557 7037044,10298847,1804 7060296,10299024,1564 7083295,10298964,1543 7106297,10299071,1682
syncs: 7129296,10299142,1567 7151799,10299268,1312 7174295,10298897,1562 7197297,10298963,1595 7220295,10299037,1553 7243297,10298946,1578 7266295,10298985,1592 7289295,10298887,1574 7312297,10299086,1561 7335295,10299073,1571
syncs: 7358297,10299032,1568 7381295,10298915,1556 7404297,10299065,1544 7427295,10298993,1588 7449810,10299044,1857 7473295,10298939,1539 7496085,10298756,1718 7519295,10298922,1549 7542145,10299212,2142 7566297,10298945,1598
syncs: 7589295,10298954,1555 7612296,10299058,1566 7634797,10299345,1289 7657297,10298962,1616 7680295,10298879,1554 7703297,10299042,1556 7726295,10298996,1585 7749297,10298959,1557 7772296,10298978,1553 7795295,10298811,1582
syncs: 7818295,10298915,1570 7841139,10299211,2141 7865297,10299094,1559 7888295,10298866,1567 7911297,10299017,1561 7934295,10299089,1555 7957297,10298923,1602 7980296,10298990,1552 8003297,10298945,1562 8026295,10298929,1588
syncs: 8049295,10298820,1708 8071803,10299147,1308 8215297,10299050,1566 8238295,10298954,1571 8261297,10299047,1568 8284296,10299000,1549 8307297,10298919,1595 8330295,10298955,1548 8352889,10299108,1405 8374799,10299313,1319
syncs: 8397295,10298879,1580 8420296,10298924,1561 8443297,10299161,1576 8466297,10299095,1597 8489296,10299039,1557 8512297,10299036,1558 8535295,10299098,1564 8557839,10299201,1331 8579835,10299185,1307 8602295,10298903,1551
syncs: 8625297,10299022,1556 8647811,10299302,1337 8669810,10299172,1305 8691810,10299208,1296 8714297,10298944,1563 8737295,10298855,1575 8760137,10299572,1647 8782809,10299294,1308 8805295,10298864,1552 8828297,10299109,1559
syncs: 8851297,10299050,1552 8874297,10299052,1559 8897296,10299255,1630 8919811,10299174,1301 8942295,10298879,1552 8965297,10298925,1558 8988296,10298994,1572 9011295,10298824,1705 9034295,10298971,1540 9057295,10298896,1577
syncs: 9079799,10299216,1312 9102297,10299042,1566 9125297,10299040,1555 9148295,10298885,1559 9171297,10299000,1562 9194296,10299094,1564 9216979,10298727,1746 9240295,10298836,1557 9263295,10298891,1554 9286297,10299035,1596
syncs: 9309297,10299106,1538 9332296,10299044,1557 9355297,10299056,1555 9378297,10299098,1548 9400804,10299171,1322 9423297,10298897,1558 9446295,10298861,1586 9469295,10299045,1588 9492295,10299048,1559 9515297,10299070,1567
syncs: 9538297,10299076,1558 9561295,10298943,1550 9584297,10299129,1565 9607296,10298995,1587 9629810,10299217,1316 9652295,10298886,1555 9674800,10298894,1805 9698295,10298585,1828 9722297,10298953,1590 9745295,10298898,1554
syncs: 9768295,10298892,1575 9791297,10299141,1564 9814296,10299026,1561 9837297,10299144,1590 9860297,10299112,1554 9883297,10299081,1645 9906297,10298919,1606 9929297,10298944,1555 9952295,10298896,1551 9975295,10298820,1697
syncs: 9998295,10299060,1557 10020799,10299306,1306 10043297,10298871,1877 10067295,10299188,1582 10089810,10298830,1807 10112939,10298852,1758 10136297,10298980,1590 10159295,10298982,1552 10182297,10299002,1557 10205295,10299082,1551
syncs: 10228296,10299288,2183 10252295,10298955,1545 10275295,10298962,1556 10298297,10299133,1577 10320871,10298831,1781 10343874,10298872,1775 10367295,10298843,1583 10389804,10298906,1804 10413295,10299032,1553 10436297,10298897,1616
syncs: 10459295,10298885,1548 10482295,10298886,1708 10504810,10299166,1299 10527296,10299043,1591 10550297,10299068,1560 10573295,10298933,1556 10596297,10299116,1593 10619295,10298970,1554 10642297,10299018,1595 10665295,10298916,1553
syncs: 10688095,10298737,1719 10710835,10299278,1298 10733296,10298969,1541 10756296,10299022,1591 10779295,10298910,1566 10802296,10299163,1548 10825295,10298976,1559 10848297,10298999,1563 10871295,10299009,1553 10894297,10298937,1555
syncs: 10917297,10299068,1588 10940165,10298805,1620 10963295,10298861,1557 10986295,10298839,1611 11009296,10299203,1559 11032295,10298838,1637 11055297,10299015,1567 11078295,10298868,1563 11101297,10299021,1564 11124297,10299146,1546
syncs: 11147297,10298904,1595 11170295,10298871,1553 11193143,10300083,2130 11217295,10299057,1579 11239817,10298844,1809 11263296,10299008,1559 11286295,10298852,1608 11309297,10298947,1558 11332295,10299025,1559 11355297,10299011,1567
syncs: 11378295,10298896,1563 11401297,10299034,1559 11424295,10299078,1561 11447119,10298773,1676 11470295,10298856,1552 11493295,10298914,1555 11516297,10299206,1584 11539295,10299003,1557 11562297,10299026,1556 11585295,10298885,1553
syncs: 11608297,10299020,1558 11631295,10299074,1552 11654297,10299018,1560 11677295,10298837,1597 11700130,10299585,1654 11723297,10299235,1564 11746295,10298843,1594 11769297,10299011,1567 11792295,10298917,1553 11815297,10299057,1547
syncs: 11838295,10299000,1587 11860823,10298907,1798 11884295,10298898,1562 11907152,10299245,2143 11931295,10298869,1549 11953812,10299085,1386 11976295,10298944,1591 11999295,10298987,1554 12022296,10299002,1564 12045295,10299066,1555
syncs: 12068297,10299043,1563 12091295,10298911,1563 12114297,10299016,1563 12137100,10299265,1727 12159810,10298834,1853 12183297,10298983,1566 12206161,10299160,2159 12230295,10299027,1547 12253297,10299086,1554 12276297,10298949,1664
syncs: 12299295,10299034,1553 12322297,10299038,1568 12345295,10298811,1578 12368297,10299021,1566 12391295,10298867,1550 12414297,10298902,1561 12437295,10298893,1582 12460295,10298809,1583 12483297,10298952,1557 12506295,10298589,1850
syncs: 12530296,10299068,1557 12553295,10299060,1555 12576297,10299011,1592 12599295,10298968,1558 12622297,10299028,1551 12645295,10299070,1568 12668297,10298898,1579 12691296,10298915,1555 12714155,10299201,2131 12738295,10298894,1565
syncs: 12761295,10299037,1564 12784297,10299048,1557 12807295,10298989,1570 12830297,10299174,1544 12853297,10299195,1554 12876297,10299114,1598 12899297,10299121,1554 12922297,10298930,1558 12945295,10298811,1576 12967913,10299229,1288
syncs: 12989813,10299141,1300 13012295,10298948,1565 13035296,10299033,1554 13058295,10299020,1571 13081297,10299198,1653 13104295,10299082,1549 13127297,10298908,1592 13149797,10299144,1301 13171810,10299088,1315 13194297,10299168,1550
syncs: 13217295,10298903,1584 13240297,10299015,1557 13263295,10299126,1559 13286300,10299120,1817 13309797,10298838,1573 13333297,10299049,1552 13356297,10298969,1615 13379297,10299032,1558 13402296,10299054,1562 13425297,10298949,1571
syncs: 13448295,10298851,1567 13471295,10299540,2191 13495297,10299139,1557 13518297,10298916,1583 13541297,10299089,1543 13564295,10299272,1557 13587297,10299012,1583 13610296,10299065,1556 13632830,10299163,1280 13655295,10298920,1553
syncs: 13678141,10299298,2146 13701800,10299176,1306 13724297,10299002,1567 13747297,10298979,1590 13770296,10299041,1546 13793297,10299045,1551 13816296,10298931,1603 13839297,10299052,1553 13862297,10299052,1562 13885297,10298939,1557
syncs: 13908296,10298978,1577 13931105,10298880,1655 13954295,10298843,1560 13977295,10298956,1599 14000296,10298862,1725 14024295,10298954,1558 14047297,10298998,1576 14070295,10298897,1549 14093297,10299064,1556 14115821,10299239,1293
syncs: 14138297,10298953,1566 14161295,10298876,1556 14184153,10299278,2139 14208082,10298812,1683 14231295,10298901,1567 14254296,10299033,1539 14277295,10298883,1571 14300296,10299060,1553 14323297,10299053,1559 14346297,10298840,1643
syncs: 14369295,10299000,1554 14392297,10299030,1565 14414808,10299181,1311 14437137,10299557,1667 14460295,10298862,1541 14483295,10298861,1561 14506297,10299011,1606 14529297,10299073,1538 14552296,10299095,1554 14575295,10298871,1557
syncs: 14598297,10299060,1563 14621296,10299028,1542 14644297,10298928,1559 14667295,10298848,1587 14689812,10298928,1456 14711808,10299295,1305 14734297,10299028,1567 14757297,10299049,1578 14779812,10299158,1299 14802297,10299145,1556
syncs: 14824803,10298892,1800 14848147,10299260,2133 14872295,10298885,1553 14894803,10299145,1308 14917023,10298730,1724 14940296,10299290,2181 14964295,10298932,1547 14987295,10298921,1586 15010296,10299142,1554 15033296,10299017,1553
syncs: 15056297,10298989,1590 15079295,10298938,1555 15102297,10299207,1544 15125297,10299005,1563 15147818,10299065,1349 15170295,10298849,1554 15193295,10298949,1557 15216296,10299115,1601 15239296,10299068,1560 15262296,10298993,1560
syncs: 15285295,10298870,1557 15308297,10299026,1566 15331297,10299049,1553 15354297,10299073,1557 15377295,10298809,1594 15399921,10298748,1747 15423295,10299049,1560 15446297,10298899,1618 15469296,10299145,1560 15492295,10298922,1564
syncs: 15515297,10298992,2351 15539927,10298796,1761 15563297,10299036,1556 15586295,10298848,1610 15609297,10299009,1565 15632295,10299086,1560 15654819,10299238,1299 15677295,10298878,1589 15700295,10298796,1556 15723297,10299128,1550
syncs: 15745882,10298738,1805 15769297,10299047,1564 15792295,10298947,1557 15815297,10299021,1556 15838297,10299049,1583 15861297,10298978,1565 15884295,10298921,1557 15906815,10299188,1361 15929297,10299123,1557 15951842,10299143,1285
syncs: 15974297,10299009,1561 15997295,10298864,1580 16020297,10299046,1548 16043295,10299045,1556 16066297,10298969,1600 16089295,10298898,1553 16112297,10298858,1562 16135297,10299145,1566 16158296,10298900,1593 16181295,10298885,1561
syncs: 16204295,10298859,1552 16227297,10299212,1582 16250295,10298998,1551 16273297,10299024,1570 16296295,10298852,1582 16319297,10298641,1818 16343295,10299130,1543 16366297,10298869,1628 16389295,10298891,1551 16412295,10298777,1712
syncs: 16435295,10299027,1554 16458295,10298787,1644 16481297,10299002,1557 16504295,10298887,1554 16527297,10298978,1601 16550295,10299039,1549 16573297,10299041,1558 16596295,10299199,1593 16618964,10298731,1722 16642295,10299022,1562
syncs: 16665305,10299100,2347 16690296,10298987,1551 16713295,10298969,1555 16736297,10299012,1577 16759295,10299118,1569 16782297,10299052,1547 16805295,10298960,1555 16828297,10298907,1561 16851146,10299521,1644 16873810,10299192,1310
syncs: 16896295,10298916,1592 16919295,10298809,1701 16942297,10299008,1548 16965295,10298877,1554 16988297,10298985,1559 17011295,10298874,1551 17034297,10299056,1557 17057295,10299034,1586 17079836,10299204,1343 17102295,10298930,1554
syncs: 17125106,10299075,1659 17148295,10298934,1565 17171295,10298806,2203 17195297,10299159,1558 17218295,10299005,1570 17241296,10299014,1545 17264295,10299047,1555 17287297,10299026,1585 17310295,10298873,1544 17333297,10298999,1557
syncs: 17356297,10298994,1621 17379080,10298762,1665 17402296,10298944,1558 17425295,10298954,1556 17448297,10299000,1574 17471295,10299083,1554 17494297,10299049,1545 17517295,10298909,1577 17539810,10299267,1304 17562295,10299010,1553
syncs: 17585297,10299149,1321 17608295,10298959,1559 17631295,10298845,1580 17654295,10298844,1554 17677295,10299002,1592 17699832,10299218,1296 17722295,10298945,1553 17745297,10299058,1550 17768295,10299013,1569 17791297,10298998,1575
syncs: 17814295,10299048,1555 17836836,10299113,1356 17859297,10298997,1568 17882295,10298803,2184 17906297,10298979,1598 17928968,10298711,1731 17952297,10299047,1555 17975295,10299066,1551 17997933,10298804,1748 18021295,10298984,1553
syncs: 18044297,10298983,1557 18067295,10298828,1597 18089942,10298751,1739 18113296,10298953,1557 18136297,10298778,2197 18159801,10299156,1310 18182295,10299088,1555 18205297,10299154,1562 18228295,10299027,1552 18251297,10299044,1556
syncs: 18274295,10299194,1561 18297297,10298893,1593 18320296,10299029,1556 18342972,10298881,1722 18366297,10299037,1594 18389295,10298813,2185 18413297,10299034,1554 18436295,10298918,1590 18459297,10298913,1555 18482295,10299156,1560
syncs: 18505297,10299078,1554 18528296,10298870,1616 18551297,10299045,1555 18574295,10298875,1558 18596800,10299117,1353 18619296,10299104,1555 18642295,10298930,1557 18665296,10299023,1543 18688295,10299027,1546 18710814,10299103,1307
syncs: 18733297,10299033,1559 18756297,10298985,1590 18779295,10298926,1553 18802297,10298891,1556 18825296,10299055,1558 18848295,10298842,1587 18871297,10298988,1561 18893803,10298887,1800 18917297,10299004,1591 18939815,10299240,1292
syncs: 18962297,10298924,1539 18985295,10298881,1555 19008297,10298918,1561 19031296,10298947,1567 19054297,10298952,1559 19077295,10298865,1577 19100295,10298811,1715 19123307,10299153,1588 19146297,10298983,1582 19169296,10299047,1558
syncs: 19192295,10298948,1561 19215297,10298993,1555 19238296,10298992,1564 19261297,10299018,1553 19284295,10298851,1558 19306810,10299095,1344 19328942,10298365,2285 19353295,10298915,1691 19376297,10298998,1587 19399295,10298955,1556
syncs: 19422296,10299041,1539 19445296,10298940,1558 19468296,10299012,1567 19491295,10298942,1555 19514297,10299052,1556 19536799,10299175,1348 19559127,10298742,1644 19582295,10298898,1545 19605295,10298878,1557 19628297,10299100,1565
syncs: 19651296,10298967,1550 19674297,10299032,1558 19697295,10298834,1585 19719810,10299160,1313 19741799,10299183,1308 19764297,10298966,1556 19787295,10298842,1585 19810295,10298807,1711 19833295,10298999,1568 19856097,10298865,1712
syncs: 19879297,10299026,1558 19902295,10298885,1556 19925297,10299168,1559 19948297,10299065,1568 19971297,10298967,1557 19994295,10298880,1555 20017297,10299123,1601 20040295,10298890,1556 20063296,10298856,1698 20086295,10298885,1613
syncs: 20109295,10298887,1545 20132297,10299014,2297 20157297,10299061,1593 20180297,10299029,1557 20203295,10298906,1553 20226297,10299107,1589 20249295,10299157,1625 20272297,10298909,1562 20295295,10298899,1550 20318295,10298859,1566
syncs: 20341297,10298983,1560 20364297,10299051,1559 20387297,10299010,1588 20410295,10298917,1552 20433297,10299114,1557 20455798,10299142,1316 20478297,10298965,1580 20501295,10298885,1551 20523839,10298850,1789 20547297,10298984,1587
syncs: 20570296,10299305,2165 20594295,10298954,1541 20617295,10298924,1578 20639810,10298877,1796 20662824,10299234,1294 20685297,10299065,1559 20707810,10299092,1328 20729805,10299215,1310 20752297,10299086,1566 20775296,10298996,1573
syncs: 20798295,10298946,1560 20821295,10298966,1544 20844296,10299158,1542 20866838,10298795,1810 20890297,10299000,1565 20913295,10299299,1555 20936297,10298782,1657 20959295,10299088,1550 20982297,10298932,1548 21005295,10298893,1556
syncs: 21027825,10298758,1645 21051295,10299140,1560 21074297,10299120,1551 21097297,10299027,1580 21120295,10298902,1555 21143297,10299244,1560 21166295,10298898,1601 21189297,10298998,1557 21212295,10298885,1549 21235297,10298949,1565
syncs: 21258297,10298945,1701 21281297,10298840,1692 21304295,10298960,1555 21327295,10298891,1588 21349818,10298847,1794 21373297,10298905,1690 21396297,10298978,1587 21419295,10298879,1551 21442297,10298939,1558 21465297,10299086,1575
syncs: 21487993,10298917,1723 21511297,10299099,1647 21533834,10298929,1775 21557297,10299107,1579 21579816,10299267,1317 21602297,10298996,1567 21625295,10298895,1562 21648297,10298947,1578 21671295,10299052,1550 21694297,10299018,1559
syncs: 21717295,10298891,1583 21740295,10298760,1905 21764295,10299142,1567 21786887,10299151,1358 21809296,10298985,1558 21832295,10298930,1554 21976295,10298943,1576 21999297,10299015,1554 22022295,10298865,1549 22045295,10298948,1580
syncs: 22068295,10299066,1561 22091295,10298827,1639 22114297,10299068,2060 22138295,10299122,1561 22161297,10299133,1545 22184295,10299067,1555 22207297,10299035,1574 22229877,10299164,1271 22252297,10298869,1556 22275295,10299050,1554
syncs: 22298155,10298640,1988 22322295,10298942,1543 22344799,10299231,1311 22367297,10298987,1579 22390295,10299086,1554 22413297,10299012,1557 22436295,10298394,2025 22459811,10299084,1451 22482296,10299005,1556 22505297,10298963,1569
syncs: 22528295,10298900,1555 22551297,10298901,1570 22574295,10298867,1558 22597296,10299085,1578 22619810,10299206,1304 22642295,10298959,1558 22665297,10299014,1554 22688295,10299014,1561 22710824,10299221,1294 22733295,10298824,1555
syncs: 22755997,10298820,1761 22779295,10298866,1558 22802295,10299015,1554 22825297,10299043,1556 22848295,10298919,1576 22871297,10298981,1565 22894295,10299077,1553 22917297,10299022,1579 22940295,10298916,1547 22963297,10298939,1558
syncs: 22986295,10298937,1598 23009138,10298759,1642 23032296,10298981,1553 23055295,10298895,1558 23078297,10299037,1578 23101295,10299086,1552 23124297,10298991,1559 23146811,10299101,1365
sync: done
